{"default_fov": 75.0, "default_transition_sec": 2.0, "keyframes": [{"matrix": [0.7525687849230404, -0.29612815738969406, 0.5881737314437319, 0.5546734452075863, 0.6579305490753649, 0.3005450500774972, -0.6905071074705195, -0.6984814491472149, 0.02770589382870764, 0.9066315609302927, 0.4210125843395338, 0.08370015621355012, 0.0, 0.0, 0.0, 1.0], "fov": 75.0, "aspect": 1.7777777777777777, "override_transition_enabled": false, "override_transition_sec": null}, {"matrix": [-0.03574569555223117, -0.08837693023787352, 0.9954455100361932, 0.8299132609718052, 0.9979592012749489, -0.05589506286578361, 0.030873524869958868, -0.12522118051925285, 0.052911982009305525, 0.9945176017290794, 0.0901945786113934, -0.07065001637083854, 0.0, 0.0, 0.0, 1.0], "fov": 75.0, "aspect": 1.7777777777777777, "override_transition_enabled": false, "override_transition_sec": null}, {"matrix": [-0.8766450249058253, -0.023077393722665762, 0.4805839512580863, 0.5529569936394261, 0.47997724937175007, -0.11127824849277157, 0.8701948008911051, 0.7044159820061415, 0.03339671231415445, 0.9935213059171657, 0.10862814688309597, -0.03195889985474013, 0.0, 0.0, 0.0, 1.0], "fov": 75.0, "aspect": 1.7777777777777777, "override_transition_enabled": false, "override_transition_sec": null}, {"matrix": [-0.9427260188934846, 0.044277317406011124, -0.3306163523853123, -0.28961809797942395, -0.33345062055854, -0.15139092906942964, 0.9305328958422802, 0.897404010157255, -0.008850816367215047, 0.9874818002165014, 0.15748446682391104, 0.038576303347637064, 0.0, 0.0, 0.0, 1.0], "fov": 75.0, "aspect": 1.7777777777777777, "override_transition_enabled": false, "override_transition_sec": null}, {"matrix": [0.07013398279006033, 0.09898672606282088, -0.9926141508770505, -0.8107008928757204, -0.9961215235304831, -0.046051857437242605, -0.07497424081569265, 0.07060312738126033, -0.05313318000377021, 0.9940225623646299, 0.09537300819803762, -0.044649511639626445, 0.0, 0.0, 0.0, 1.0], "fov": 75.0, "aspect": 1.7777777777777777, "override_transition_enabled": false, "override_transition_sec": null}, {"matrix": [0.855626850454057, 0.09106330001392904, -0.5095195464088145, -0.3693724421553317, -0.5164002114912858, 0.08339181952580835, -0.8522773175486549, -0.639497874413939, -0.03512142300400414, 0.9923473584520435, 0.11837738728078784, -0.02363398613701801, 0.0, 0.0, 0.0, 1.0], "fov": 75.0, "aspect": 1.7777777777777777, "override_transition_enabled": false, "override_transition_sec": null}, {"matrix": [0.9624072098187313, -0.056405054764444504, 0.2656893529781438, 0.19448105723622322, 0.27155684378324824, 0.18034664659546848, -0.945373982959257, -0.779787206189478, 0.005407687435969949, 0.9819844992965975, 0.18888409159536343, 0.04483595318004269, 0.0, 0.0, 0.0, 1.0], "fov": 75.0, "aspect": 1.7777777777777777, "override_transition_enabled": false, "override_transition_sec": null}], "camera_type": "perspective", "render_height": 1080.0, "render_width": 1920.0, "fps": 30.0, "seconds": 14.0, "is_cycle": true, "smoothness_value": 0.0, "camera_path": [{"camera_to_world": [0.7525687849230404, -0.29612815738969406, 0.5881737314437319, 0.5546734452075863, 0.6579305490753649, 0.3005450500774972, -0.6905071074705195, -0.6984814491472149, 0.02770589382870764, 0.9066315609302927, 0.4210125843395338, 0.08370015621355012, 0.0, 0.0, 0.0, 1.0], "fov": 75.0, "aspect": 1.7777777777777777}, {"camera_to_world": [0.7452019013637337, -0.29798070243972574, 0.5965581507090518, 0.5600207279535543, 0.6663184342907239, 0.2973990794041258, -0.6837934861447108, -0.6929262314561233, 0.026341418493210034, 0.9070618989589994, 0.4201723945342667, 0.08265818529424773, 0.0, 0.0, 0.0, 1.0], "fov": 75.0, "aspect": 1.7777777777777777}, {"camera_to_world": [0.7376022354983106, -0.2995826809048848, 0.6051389588265961, 0.5654677131337271, 0.6747742849095867, 0.29391247977010504, -0.6769749763914051, -0.6871721934182567, 0.02495208633863394, 0.9076704641758647, 0.418941191398172, 0.08146061513686191, 0.0, 0.0, 0.0, 1.0], "fov": 75.0, "aspect": 1.7777777777777777}, {"camera_to_world": [0.7297677506637874, -0.3009336794877774, 0.6139038610735918, 0.5710079112548981, 0.6832895533433441, 0.290098511176921, -0.6700434613551478, -0.6812226069449723, 0.023546048139118536, 0.9084502046688534, 0.41732937741566767, 0.08011281040340264, 0.0, 0.0, 0.0, 1.0], "fov": 75.0, "aspect": 1.7777777777777777}, {"camera_to_world": [0.7216966045184312, -0.3020332871239122, 0.622840191779313, 0.5766348328238606, 0.691855629608903, 0.28597041911773174, -0.6629907293228899, -0.6750807439476264, 0.022131398623573717, 0.9093936512087345, 0.4153473104959405, 0.07862013575587988, 0.0, 0.0, 0.0, 1.0], "fov": 75.0, "aspect": 1.7777777777777777}, {"camera_to_world": [0.7133871687655309, -0.3028811321378214, 0.6319349390844056, 0.5823419883474076, 0.7004638380273737, 0.28154144403948533, -0.6558085291486551, -0.668749876337576, 0.02071615448535641, 0.9104929626763036, 0.41300533393682215, 0.07698795585630364, 0.0, 0.0, 0.0, 1.0], "fov": 75.0, "aspect": 1.7777777777777777}, {"camera_to_world": [0.7048380477597376, -0.3034769187714531, 0.6411747704044715, 0.5881228883323322, 0.7091054354495016, 0.2768248298995227, -0.6484886236219359, -0.6622332760261778, 0.019308232602042563, 0.9117399702349814, 0.4103138053121054, 0.07522163536668386, 0.0, 0.0, 0.0, 1.0], "fov": 75.0, "aspect": 1.7777777777777777}, {"camera_to_world": [0.6960480959361952, -0.3038204629607082, 0.6505460586537575, 0.5939710432854278, 0.7177716110065344, 0.2718338316656733, -0.6410228407748372, -0.6555342149247888, 0.01791542845374683, 0.9131262203267952, 0.40728312409799095, 0.07332653894903055, 0.0, 0.0, 0.0, 1.0], "fov": 75.0, "aspect": 1.7777777777777777}, {"camera_to_world": [0.6870164340048005, -0.3039117272397416, 0.6600349092688087, 0.5998799637134877, 0.7264534873756938, 0.2665817216284564, -0.6334031231161563, -0.6486559649447655, 0.01654539473751676, 0.9146430165587911, 0.4039237578717234, 0.07130803126535365, 0.0, 0.0, 0.0, 1.0], "fov": 75.0, "aspect": 1.7777777777777777}, {"camera_to_world": [0.6777424638545473, -0.3037508546565353, 0.6696271880560047, 0.605843160123305, 0.7351421235401987, 0.2610817944129945, -0.6256215747741585, -0.6416017979974649, 0.015205620183828705, 0.9162814605357434, 0.40024626693238485, 0.06917147697766315, 0.0, 0.0, 0.0, 1.0], "fov": 75.0, "aspect": 1.7777777777777777}, {"camera_to_world": [0.6682258821160112, -0.30333820158731994, 0.6793085498711534, 0.6118541430216727, 0.7438285190148887, 0.2553473705965699, -0.6176705065239361, -0.6343749859942435, 0.01390340858913175, 0.9180324916838121, 0.3962613272102328, 0.06692224074796907, 0.0, 0.0, 0.0, 1.0], "fov": 75.0, "aspect": 1.7777777777777777}, {"camera_to_world": [0.6584666923336632, -0.30267436934178493, 0.6890644681237872, 0.6179064229153843, 0.7525036194998945, 0.24939179885550714, -0.609542478670004, -0.6269788008464584, 0.012645858085667372, 0.9198869260986194, 0.39197975134706914, 0.06456568723828134, 0.0, 0.0, 0.0, 1.0], "fov": 75.0, "aspect": 1.7777777777777777}, {"camera_to_world": [0.648465215703843, -0.30176023445567424, 0.698880265083673, 0.6239935103112328, 0.76115832391656, 0.24322845658215117, -0.6012303417503129, -0.6194165144654661, 0.01143984067641296, 0.9218354944402614, 0.38741250784580655, 0.062107181110609956, 0.0, 0.0, 0.0, 1.0], "fov": 75.0, "aspect": 1.7777777777777777}, {"camera_to_world": [0.6382221003388949, -0.30059697757244574, 0.708741142952291, 0.6301089157160116, 0.7697834927718976, 0.23687074892926163, -0.5927272750241784, -0.6116913987626236, 0.010291982068930061, 0.9238688788870425, 0.3825707382028737, 0.059552087026964885, 0.0, 0.0, 0.0, 1.0], "fov": 75.0, "aspect": 1.7777777777777777}, {"camera_to_world": [0.6277383290231636, -0.2991861108211174, 0.7186322156478516, 0.6362461496365137, 0.7783699577903413, 0.2303321062550031, -0.5840268227038858, -0.6038067256492876, 0.009208641847120669, 0.9259777491494425, 0.37746577195219105, 0.056905769649356105, 0.0, 0.0, 0.0, 1.0], "fov": 75.0, "aspect": 1.7777777777777777}, {"camera_to_world": [0.6170152254322367, -0.2975295036033534, 0.7285385412387928, 0.6423987225795325, 0.7869085327444019, 0.22362597995704986, -0.5751229278878577, -0.5957657670368148, 0.00819589402437687, 0.9281527975359399, 0.372109139564389, 0.05417359363979361, 0.0, 0.0, 0.0, 1.0], "fov": 75.0, "aspect": 1.7777777777777777}, {"camera_to_world": [0.6060544587929808, -0.2956294067092332, 0.7384451549478092, 0.6485601450518608, 0.7953900254091554, 0.21676583669893862, -0.5660099641524271, -0.5875717948365622, 0.007259508025357242, 0.9303847730530393, 0.3665125831595335, 0.05136092366028736, 0.0, 0.0, 0.0, 1.0], "fov": 75.0, "aspect": 1.7777777777777777}, {"camera_to_world": [0.5948580469685718, -0.29348847468798184, 0.7483371026362774, 0.6547239275602923, 0.8038052505592095, 0.20976515104583582, -0.5566827647593954, -0.5792280809598864, 0.006404930146621579, 0.9326645145131446, 0.3606880650060067, 0.04847312437284736, 0.0, 0.0, 0.0, 1.0], "fov": 75.0, "aspect": 1.7777777777777777}, {"camera_to_world": [0.5834283579597395, -0.2911097864072985, 0.758199474667649, 0.6608835806116199, 0.8121450439210578, 0.20263739654023594, -0.5471366494376501, -0.5707378973181443, 0.005637265548572468, 0.9349829826158825, 0.3546477737923117, 0.04551556043948354, 0.0, 0.0, 0.0, 1.0], "fov": 75.0, "aspect": 1.7777777777777777}, {"camera_to_world": [0.571768109820892, -0.2884968637426985, 0.7680174400379663, 0.6670326147126369, 0.8204002769884922, 0.19539603526072208, -0.5373674486993009, -0.5621045158226925, 0.0049612608326558005, 0.9373312909612147, 0.3484041286723406, 0.04249359652220593, 0.0, 0.0, 0.0, 1.0], "fov": 75.0, "aspect": 1.7777777777777777}, {"camera_to_world": [0.5598803689975567, -0.2856536883465473, 0.7777762806522024, 0.6731645403701365, 0.8285618726040431, 0.18805450591890388, -0.5273715256538586, -0.5533312083848879, 0.004381287258477917, 0.9397007359460833, 0.3419697810981961, 0.03941259728302447, 0.0, 0.0, 0.0, 1.0], "fov": 75.0, "aspect": 1.7777777777777777}, {"camera_to_world": [0.5477685470996132, -0.2825847164551208, 0.787461425616746, 0.6792728680909119, 0.8366208212053483, 0.1806262105607696, -0.5171457952880846, -0.5444212469160873, 0.0039013246555069103, 0.9420828254906443, 0.3353576144677451, 0.03627792738394914, 0.0, 0.0, 0.0, 1.0], "fov": 75.0, "aspect": 1.7777777777777777}, {"camera_to_world": [0.5354363961331063, -0.2792948917010775, 0.7970584854109983, 0.6853511083817564, 0.8445681976318438, 0.17312449994913726, -0.5066877411841143, -0.5353779033276475, 0.003524946083285019, 0.9444693065351805, 0.32858074162687223, 0.03309495148698994, 0.0, 0.0, 0.0, 1.0], "fov": 75.0, "aspect": 1.7777777777777777}, {"camera_to_world": [0.5228880022218854, -0.2757896559081244, 0.8065532857948594, 0.6913927717494629, 0.8523951783843446, 0.16556265771344597, -0.4959954296543285, -0.526204449530925, 0.003255303292659939, 0.9468521912447259, 0.3216525002786922, 0.02986903425415684, 0.0, 0.0, 0.0, 1.0], "fov": 75.0, "aspect": 1.7777777777777777}, {"camera_to_world": [0.510127777858916, -0.27207495785432245, 0.8159319013038362, 0.697391368700825, 0.8600930592278975, 0.15795388336190908, -0.4850675212781089, -0.5169041574372771, 0.003095113038435404, 0.9492237818551855, 0.3145864463638226, 0.0266055403474598, 0.0, 0.0, 0.0, 1.0], "fov": 75.0, "aspect": 1.7777777777777777}, {"camera_to_world": [0.49716045273576337, -0.2681572600004106, 0.8251806881796514, 0.7033404097426356, 0.8676532730268091, 0.15031127425891233, -0.473903279833056, -0.5074802989580602, 0.0030466442911104563, 0.9515766940923545, 0.3073963454871076, 0.02330983442890882, 0.0, 0.0, 0.0, 1.0], "fov": 75.0, "aspect": 1.7777777777777777}, {"camera_to_world": [0.48399106320738383, -0.2640435431895675, 0.834286316581595, 0.709233405381688, 0.8750674076999532, 0.14264780667754562, -0.4625025786213193, -0.4979361460046312, 0.0031117063920316212, 0.9539038790936878, 0.3000961624768721, 0.019987281160513848, 0.0, 0.0, 0.0, 1.0], "fov": 75.0, "aspect": 1.7777777777777777}, {"camera_to_world": [0.4706249404579614, -0.25974130933524, 0.8432358019224251, 0.7150638661247755, 0.8823272241844012, 0.13497631604322552, -0.4508659042004047, -0.48827497048834684, 0.0032916381923860927, 0.9561986437619614, 0.29270004917286224, 0.016643245204284916, 0.0, 0.0, 0.0, 1.0], "fov": 75.0, "aspect": 1.7777777777777777}, {"camera_to_world": [0.45706769744195946, -0.2552585821238302, 0.8520165351724327, 0.720825302478691, 0.8894246742960548, 0.12730947648949803, -0.43899435753700383, -0.4785000443205639, 0.003587298212058998, 0.9584546694800447, 0.28522233054835655, 0.013283091222231942, 0.0, 0.0, 0.0, 1.0], "fov": 75.0, "aspect": 1.7777777777777777}, {"camera_to_world": [0.4433252146828255, -0.25060390576919506, 0.8606163119762784, 0.726511224950228, 0.8963519183773407, 0.11965977985130927, -0.4268896526120031, -0.46861463941263926, 0.003999055849495836, 0.9606660291168623, 0.2776774892805538, 0.009912183876364921, 0.0, 0.0, 0.0, 1.0], "fov": 75.0, "aspect": 1.7777777777777777}, {"camera_to_world": [0.4294036250197837, -0.2457863418659088, 0.8690233604294211, 0.7321151440461796, 0.9031013426241199, 0.11203951422423386, -0.4145541125147712, -0.4586220276759295, 0.004526783668450385, 0.9628272022562367, 0.27008014889111487, 0.006535887828693854, 0.0, 0.0, 0.0, 1.0], "fov": 75.0, "aspect": 1.7777777777777777}, {"camera_to_world": [0.415309297400845, -0.24081546439802892, 0.877226367364307, 0.7376305702733392, 0.9096655759867522, 0.10446074222042279, -0.4019906630749633, -0.4485254810217916, 0.005169850781868157, 0.9649330885825815, 0.26244505558568487, 0.003159567741228697, 0.0, 0.0, 0.0, 1.0], "fov": 75.0, "aspect": 1.7777777777777777}, {"camera_to_world": [0.40104881982746843, -0.23570135296959444, 0.8852145030009944, 0.7430510141384996, 0.9160375065437805, 0.09693527905328936, -0.3892028240903635, -0.43832827136158226, 0.005927117347265476, 0.9669790193603807, 0.25478705892723075, -0.0002114117240205826, 0.0, 0.0, 0.0, 1.0], "fov": 75.0, "aspect": 1.7777777777777777}, {"camera_to_world": [0.3866289815632184, -0.2304545843321918, 0.8929774438224435, 0.7483699861484543, 0.9222102972508449, 0.08947467058330277, -0.3761946982195758, -0.4280336706066583, 0.006796930181833805, 0.9689607669479121, 0.24712109148313735, -0.003571685905043964, 0.0, 0.0, 0.0, 1.0], "fov": 75.0, "aspect": 1.7777777777777777}, {"camera_to_world": [0.3720567547251599, -0.22508622229355385, 0.9005053935413152, 0.7535809968099964, 0.9281774009722907, 0.08209017145659875, -0.3629709576185807, -0.4176449506683765, 0.007777119499241536, 0.9708745522897606, 0.23946214759007625, -0.006915890139831482, 0.0, 0.0, 0.0, 1.0], "fov": 75.0, "aspect": 1.7777777777777777}, {"camera_to_world": [0.3573392753826531, -0.21960780609924135, 0.9077891020326683, 0.7586775566299191, 0.9339325747083559, 0.07479272346656263, -0.3495368284102198, -0.40716538345809355, 0.008864996763766786, 0.9727170503372151, 0.2318252613837545, -0.010238659766373203, 0.0, 0.0, 0.0, 1.0], "fov": 75.0, "aspect": 1.7777777777777777}, {"camera_to_world": [0.3424838242935377, -0.21403133738692698, 0.9148198821154014, 0.7636531761150157, 0.9394698929368688, 0.06759293426608287, -0.33589807308540737, -0.39659824088716633, 0.010057353651029388, 0.9744853933505955, 0.22422548424270078, -0.01353463012265912, 0.0, 0.0, 0.0, 1.0], "fov": 75.0, "aspect": 1.7777777777777777}, {"camera_to_world": [0.3274978074124544, -0.20836926581953236, 0.9215896240745466, 0.7685013657720792, 0.9447837599949469, 0.06050105655480764, -0.3220609709442648, -0.3859467948669516, 0.011350462098324021, 0.9761771720428527, 0.2166778617962007, -0.016798436546679264, 0.0, 0.0, 0.0, 1.0], "fov": 75.0, "aspect": 1.7777777777777777}, {"camera_to_world": [0.3123887363101652, -0.20263447350945007, 0.9280908078265218, 0.773215636107903, 0.9498689214332652, 0.05352696786156047, -0.30803229669427945, -0.3752143173088061, 0.012740075421412311, 0.97779043452935, 0.20919741064640673, -0.020024714376423624, 0.0, 0.0, 0.0, 1.0], "fov": 75.0, "aspect": 1.7777777777777777}, {"camera_to_world": [0.2971642086462422, -0.19684025835121122, 0.9343165126400585, 0.7777894976292803, 0.9547204742829583, 0.046680151037124695, -0.2938192973309857, -0.3644040801240866, 0.014221430468685126, 0.9793236830544738, 0.2017990949534828, -0.023208098949882284, 0.0, 0.0, 0.0, 1.0], "fov": 75.0, "aspect": 1.7777777777777777}, {"camera_to_world": [0.28183188884028165, -0.191000316384151, 0.9402604243367224, 0.7822164608430041, 0.9593338761831507, 0.03996967556684994, -0.2794296674343872, -0.3535193552241499, 0.01578925077799853, 0.980775868471607, 0.1944978030303543, -0.0263432256050452, 0.0, 0.0, 0.0, 1.0], "fov": 75.0, "aspect": 1.7777777777777777}, {"camera_to_world": [0.26639948908898, -0.1851287233098846, 0.9459168399065441, 0.7864900362558679, 0.9637049533253363, 0.033404179806180545, -0.2648715230214218, -0.342563414520353, 0.017437750696168264, 0.9821463824589125, 0.18730832409033438, -0.029424729679902444, 0.0, 0.0, 0.0, 1.0], "fov": 75.0, "aspect": 1.7777777777777777}, {"camera_to_world": [0.25087475087786565, -0.17923991529161842, 0.9512806694862574, 0.7906037343746647, 0.9678299071793592, 0.02699185423517364, -0.25015337410105015, -0.3315395299240523, 0.0191606404162733, 0.9834350474592617, 0.18024532528650417, -0.03244724651244403, 0.0, 0.0, 0.0, 1.0], "fov": 75.0, "aspect": 1.7777777777777777}, {"camera_to_world": [0.2352654271372831, -0.17334866916344888, 0.9563474356598508, 0.7945510657061875, 0.9717053199744812, 0.020740425820499675, -0.2352840960840213, -0.3204509733466048, 0.020951131883562124, 0.984642104338447, 0.1733233291762888, -0.03540541144065994, 0.0, 0.0, 0.0, 1.0], "fov": 75.0, "aspect": 1.7777777777777777}, {"camera_to_world": [0.21957926519236465, -0.16747008217787568, 0.9611132700534919, 0.7983255407572301, 0.9753281589179219, 0.014657143565387776, -0.22027290020399748, -0.30930101669936716, 0.022801945516949362, 0.9857681977614406, 0.16655669173828758, -0.038293859802540235, 0.0, 0.0, 0.0, 1.0], "fov": 75.0, "aspect": 1.7777777777777777}, {"camera_to_world": [0.2038239906561961, -0.16161955141861079, 0.9655749072092903, 0.8019206700345849, 0.9786957791422328, 0.008748765319510021, -0.2051293031104084, -0.29809293189369634, 0.024705317689934836, 0.9868143592918734, 0.15995958106099262, -0.041107226936074936, 0.0, 0.0, 0.0, 1.0], "fov": 75.0, "aspect": 1.7777777777777777}, {"camera_to_world": [0.18800729241423436, -0.15581275300350916, 0.969729675734705, 0.805329964045046, 0.9818059253818903, 0.0030215459120160326, -0.1898630957961867, -0.2868299908409491, 0.02665300891229594, 0.9877819882250178, 0.1535459568147336, -0.04384014817925403, 0.0, 0.0, 0.0, 1.0], "fov": 75.0, "aspect": 1.7777777777777777}, {"camera_to_world": [0.17213680884626958, -0.1500656211989796, 0.9735754867365896, 0.8085469332954058, 0.9846567323884553, -0.0025187733380871435, -0.17448431202535453, -0.275515465452482, 0.02863631265216876, 0.9886728301693315, 0.14732955060900554, -0.04648725887006762, 0.0, 0.0, 0.0, 1.0], "fov": 75.0, "aspect": 1.7777777777777777}, {"camera_to_world": [0.1562201154298672, -0.14439432756253623, 0.9771108195608325, 0.811565088292458, 0.9872467241025428, -0.007866973689217016, -0.15900319642626937, -0.2641526276396521, 0.030646064737199497, 0.9894889533960124, 0.14132384732729025, -0.04904319434650562, 0.0, 0.0, 0.0, 1.0], "fov": 75.0, "aspect": 1.7777777777777777}, {"camera_to_world": [0.14026471386633432, -0.1388152602242984, 0.9803347048701558, 0.8143779395429958, 0.9895748116095486, -0.013018366586420305, -0.1434301724162237, -0.25274474931381596, 0.03267265327336405, 0.9902327229799477, 0.13554206752073933, -0.05150258994655817, 0.0, 0.0, 0.0, 1.0], "fov": 75.0, "aspect": 1.7777777777777777}, {"camera_to_world": [0.12427802286682921, -0.13334500341111344, 0.9832467051038627, 0.816978997553812, 0.9916402899146015, -0.017968799786032275, -0.127775810122005, -0.24129510238633062, 0.03470602902086367, 0.9909067727589411, 0.12999715093056197, -0.053860081008215197, 0.0, 0.0, 0.0, 1.0], "fov": 75.0, "aspect": 1.7777777777777777}, {"camera_to_world": [0.10826737073231218, -0.12800031730868872, 0.9858468923740578, 0.8193617728317001, 0.993442833580432, -0.022714661978479378, -0.11205079445896643, -0.2298069587685525, 0.0367357161682495, 0.9915139751410862, 0.12470174119685495, -0.056110302869466756, 0.0, 0.0, 0.0, 1.0], "fov": 75.0, "aspect": 1.7777777777777777}, {"camera_to_world": [0.0922399898567221, -0.1227981183475989, 0.9881358238630562, 0.8215197758834533, 0.9949824912797626, -0.027252885900909907, -0.09626589352823417, -0.21828359037183867, 0.03875082344865882, 0.992057408792637, 0.11966817179889466, -0.058247890868302864, 0.0, 0.0, 0.0, 1.0], "fov": 75.0, "aspect": 1.7777777777777777}, {"camera_to_world": [0.07620301327796053, -0.11775545998834053, 0.9901145147962902, 0.8234465172158648, 0.9962596793213534, -0.031580949940056335, -0.08043192748776812, -0.20672826910754583, 0.040740055545775755, 0.992540324240692, 0.11490845325870991, -0.06026748034271352, 0.0, 0.0, 0.0, 1.0], "fov": 75.0, "aspect": 1.7777777777777777}, {"camera_to_world": [0.060163473396166234, -0.11288951406874992, 0.9917844090739834, 0.8251355073357278, 0.9972751742159583, -0.03569687823413559, -0.0645597380483175, -0.19514426688703077, 0.0426917247419083, 0.9929661074264614, 0.11043426162610176, -0.06216370663068884, 0.0, 0.0, 0.0, 1.0], "fov": 75.0, "aspect": 1.7777777777777777}, {"camera_to_world": [0.04412830297326498, -0.10821755276410339, 0.9931473476531304, 0.8265802567498353, 0.9980301043550899, -0.039599239290550425, -0.04866015873975105, -0.18353485562165012, 0.044593762766420686, 0.9933382412458296, 0.10625692824928656, -0.06393120507021877, 0.0, 0.0, 0.0, 1.0], "fov": 75.0, "aspect": 1.7777777777777777}, {"camera_to_world": [0.028104338522040306, -0.10375693119609686, 0.9942055347789044, 0.8277742759649808, 0.9985259408816565, -0.04328714314364268, -0.032743986086988586, -0.17190330722276098, 0.046433732809689654, 0.9936602651144054, 0.1023874308210147, -0.06556461099929334, 0.0, 0.0, 0.0, 1.0], "fov": 75.0, "aspect": 1.7777777777777777}, {"camera_to_world": [0.01209832618684481, -0.09952507071171568, 0.9949615021714682, 0.8287110754879574, 0.9987644878371413, -0.046760237083651846, -0.016821951827693304, -0.16025289360171985, 0.04819884167580457, 0.9939357325942701, 0.09883638567552983, -0.06705855975590257, 0.0, 0.0, 0.0, 1.0], "fov": 75.0, "aspect": 1.7777777777777777}, {"camera_to_world": [-0.0038830697881507836, -0.0955394428367568, 0.9954180712803352, 0.8293841658255581, 0.9987478716750728, -0.05001869999433739, -0.0009046962963393246, -0.14858688666988348, 0.04987595205640172, 0.994168167119285, 0.09561404129702367, -0.06840768667803653, 0.0, 0.0, 0.0, 1.0], "fov": 75.0, "aspect": 1.7777777777777777}, {"camera_to_world": [-0.019833255913920267, -0.09181755389151036, 0.9955783137238539, 0.8297870574845764, 0.9984785302349836, -0.0530632353422833, 0.014997256909062118, -0.13690855833860893, 0.05145159491832979, 0.9943610158551013, 0.09273027298553083, -0.06960662710368518, 0.0, 0.0, 0.0, 1.0], "fov": 75.0, "aspect": 1.7777777777777777}, {"camera_to_world": [-0.03574569555223117, -0.08837693023787352, 0.9954455100361932, 0.8299132609718052, 0.9979592012749489, -0.05589506286578361, 0.030873524869958868, -0.12522118051925285, 0.052911982009305525, 0.9945176017290794, 0.0901945786113934, -0.07065001637083854, 0.0, 0.0, 0.0, 1.0], "fov": 75.0, "aspect": 1.7777777777777777}, {"camera_to_world": [-0.051699441453462724, -0.08514460141498087, 0.9950264140229064, 0.8298240965067567, 0.9971868243673074, -0.05854953314361688, 0.046801596948283175, -0.11337279648810931, 0.0542734286888622, 0.9946468463824478, 0.08793205285791078, -0.0715650151892584, 0.0, 0.0, 0.0, 1.0], "fov": 75.0, "aspect": 1.7777777777777777}, {"camera_to_world": [-0.06777212211635564, -0.08203509031985817, 0.9943224745624826, 0.8295850863531063, 0.9961525579385584, -0.06106428925466445, 0.06285884098748679, -0.10121753700675604, 0.05556096450128706, 0.9947569534987104, 0.08585792153116284, -0.0723838532767355, 0.0, 0.0, 0.0, 1.0], "fov": 75.0, "aspect": 1.7777777777777777}, {"camera_to_world": [-0.08395492776850677, -0.07904711178162582, 0.993329313079186, 0.8291960440838935, 0.9948509022319387, -0.06344438174052014, 0.07903475661922693, -0.08876780521447446, 0.056773694891931015, 0.9948499206134291, 0.08396655896112243, -0.07310876948330332, 0.0, 0.0, 0.0, 1.0], "fov": 75.0, "aspect": 1.7777777777777777}, {"camera_to_world": [-0.10023883025328584, -0.07617930064131856, 0.9920427869115588, 0.8286567832721567, 0.9932766561986, -0.06569486900305976, 0.09531877274492684, -0.07603600425054594, 0.05791080348588784, 0.9949275844705837, 0.08225229783506638, -0.07374200265899544, 0.0, 0.0, 0.0, 1.0], "fov": 75.0, "aspect": 1.7777777777777777}, {"camera_to_world": [-0.11661459343572911, -0.07343020863386085, 0.9904590052383833, 0.8279671174909355, 0.9914249299918855, -0.06782080983274408, 0.11170025042145632, -0.06303453725425236, 0.05897155914849922, 0.9949916292178635, 0.08070943561924221, -0.0742857916538454, 0.0, 0.0, 0.0, 1.0], "fov": 75.0, "aspect": 1.7777777777777777}, {"camera_to_world": [-0.1330727843776851, -0.07079830143524712, 0.9885743444839414, 0.8271268603132687, 0.9892911570055571, -0.06982725609887841, 0.1281684866740182, -0.0497758073648751, 0.059955322771014175, 0.9950435944317142, 0.07933224093543506, -0.07474237531788669, 0.0, 0.0, 0.0, 1.0], "fov": 75.0, "aspect": 1.7777777777777777}, {"camera_to_world": [-0.1496037852624006, -0.06828195589005809, 0.9863854631608222, 0.8261358253121951, 0.9868711054174408, -0.07171924559184173, 0.14471271921947937, -0.03627221772169573, 0.0608615537701786, 0.995084882968064, 0.07811495990598971, -0.07511399250115286, 0.0, 0.0, 0.0, 1.0], "fov": 75.0, "aspect": 1.7777777777777777}, {"camera_to_world": [-0.1661978060455528, -0.06587945743340445, 0.9838893161092488, 0.8249938260607543, 0.9841608892003617, -0.07350179500906229, 0.16132213207988305, -0.022536171463995787, 0.06168981629084569, 0.9951167686350815, 0.07705182247861275, -0.07540288205367743, 0.0, 0.0, 0.0, 1.0], "fov": 75.0, "aspect": 1.7777777777777777}, {"camera_to_world": [-0.18284489780654234, -0.06358899772037563, 0.9810831680928143, 0.8237006761319847, 0.9811569785628822, -0.07517989307820416, 0.1779858620624285, -0.008580071731056831, 0.06243978510109671, 0.99514040368466, 0.07613704874015681, -0.07561128282549397, 0.0, 0.0, 0.0, 1.0], "fov": 75.0, "aspect": 1.7777777777777777}, {"camera_to_world": [-0.19953496677075933, -0.06140867247497156, 0.9779646067116409, 0.8222561890989256, 0.9778562097832046, -0.07675849381265265, 0.1946930060789004, 0.005583678337839586, 0.06311125116980165, 0.9951568261196199, 0.07536485522647474, -0.07574143366663597, 0.0, 0.0, 0.0, 1.0], "fov": 75.0, "aspect": 1.7777777777777777}, {"camera_to_world": [-0.21625778897047765, -0.059336479569414236, 0.9745315545952877, 0.820660178534616, 0.9742557944006971, -0.07824250989592796, 0.2114326292743196, 0.01994267560341211, 0.063704126917073, 0.9951669668138576, 0.07472946123343482, -0.07579557342713697, 0.0, 0.0, 0.0, 1.0], "fov": 75.0, "aspect": 1.7777777777777777}, {"camera_to_world": [-0.23300302550909457, -0.057370317343601096, 0.9707822808392741, 0.8189124580120952, 0.9703533277308045, -0.07963680619314284, 0.22819377393152118, 0.03448451692637881, 0.06421845112864893, 0.9951716564428725, 0.07422509513221898, -0.07577594095703051, 0.0, 0.0, 0.0, 1.0], "fov": 75.0, "aspect": 1.7777777777777777}, {"camera_to_world": [-0.24976023839054318, -0.05550798317331401, 0.9667154116507768, 0.8170128411044019, 0.9661467966706205, -0.08094619338896025, 0.24496546911541645, 0.049196799167458304, 0.06465439352587038, 0.9951716322222357, 0.07384600069017755, -0.0756847751063501, 0.0, 0.0, 0.0, 1.0], "fov": 75.0, "aspect": 1.7777777777777777}, {"camera_to_world": [-0.2665189068730096, -0.05374717229462794, 0.9623299401710141, 0.8149611413845752, 0.9616345867641525, -0.08217542175285075, 0.26173674101791466, 0.06406711918736926, 0.06501225898362445, 0.9951675444517233, 0.07358644339668463, -0.07552431472512929, 0.0, 0.0, 0.0, 1.0], "fov": 75.0, "aspect": 1.7777777777777777}, {"camera_to_world": [-0.283268444303441, -0.052085476890781246, 0.9576252354438914, 0.8127571724256543, 0.9568154884982132, -0.0833291750336248, 0.27849662396183805, 0.07908307384682975, 0.06529249138939514, 0.9951599628628935, 0.0734407167917791, -0.0752967986634016, 0.0, 0.0, 0.0, 1.0], "fov": 75.0, "aspect": 1.7777777777777777}, {"camera_to_world": [-0.29999821538688876, -0.05052038544656212, 0.9526010505027869, 0.8104007478006778, 0.9516887028020244, -0.08441206448634198, 0.2952341720196933, 0.09423226000655838, 0.0654956771373667, 0.9951493827679765, 0.07340314879372234, -0.07500446577120057, 0.0, 0.0, 0.0, 1.0], "fov": 75.0, "aspect": 1.7777777777777777}, {"camera_to_world": [-0.3166975538424299, -0.04904928237405676, 0.9472575295498114, 0.807891681082685, 0.9462538457259149, -0.08542862303572196, 0.31193847120087215, 0.1095022745272736, 0.06562254825239672, 0.9951362310080016, 0.07346810802008741, -0.07464955489855973, 0.0, 0.0, 0.0, 1.0], "fov": 75.0, "aspect": 1.7777777777777777}, {"camera_to_world": [-0.33335578039527114, -0.047669447912385754, 0.9415952142044841, 0.805229785844715, 0.940510952276975, -0.0863832995811159, 0.3285986521587346, 0.12488071426969409, 0.06567398513960981, 0.9951208716981107, 0.07363001009557679, -0.0742343048955126, 0.0, 0.0, 0.0, 1.0], "fov": 75.0, "aspect": 1.7777777777777777}, {"camera_to_world": [-0.34996222105270247, -0.04637805830283781, 0.9356150488015452, 0.8024148756598072, 0.9344604793921775, -0.08728045344892021, 0.34520390336711526, 0.14035517609453785, 0.06565101895630521, 0.9951036117680456, 0.07388332393841934, -0.07376095461209273, 0.0, 0.0, 0.0, 1.0], "fov": 75.0, "aspect": 1.7777777777777777}, {"camera_to_world": [-0.3665062256098244, -0.04517218623958402, 0.929318384720531, 0.7994467641009999, 0.92810330803225, -0.0881243489990653, 0.3617434847140794, 0.1559132568625236, 0.06555483360389913, 0.9950847062958144, 0.07422257801597709, -0.07323174289833363, 0.0, 0.0, 0.0, 1.0], "fov": 75.0, "aspect": 1.7777777777777777}, {"camera_to_world": [-0.3829771863294159, -0.04404880159493951, 0.9227069837327846, 0.7963252647413324, 0.9214407443825151, -0.08891915039284792, 0.37820674145923194, 0.17154255343436994, 0.06538676733866033, 0.9950643636325559, 0.07464236655905399, -0.07264890860426884, 0.0, 0.0, 0.0, 1.0], "fov": 75.0, "aspect": 1.7777777777777777}, {"camera_to_world": [-0.39936455673901017, -0.04300477241695194, 0.9157830203547238, 0.7930501911538437, 0.9144745201499451, -0.08966891652993181, 0.3945831184996084, 0.1872306626707949, 0.06514831400106957, 0.9950427503166457, 0.07513735572339308, -0.0720146905799319, 0.0, 0.0, 0.0, 1.0], "fov": 75.0, "aspect": 1.7777777777777777}, {"camera_to_world": [-0.41565787048712033, -0.04203686619588265, 0.9085490831994392, 0.7896213569115729, 0.9072067919488196, -0.0903775961627803, 0.410862174888086, 0.20296518143251716, 0.06484112386474344, 0.9950199957750931, 0.07570228968591486, -0.07133132767535633, 0.0, 0.0, 0.0, 1.0], "fov": 75.0, "aspect": 1.7777777777777777}, {"camera_to_world": [-0.43184676019971213, -0.04114175139499321, 0.9010081753220474, 0.7860385755875591, 0.8996401397706103, -0.09104902319715968, 0.4270335985474212, 0.2187337065802554, 0.0644670041069802, 0.9949961968103174, 0.07633199666244106, -0.07060105874057562, 0.0, 0.0, 0.0, 1.0], "fov": 75.0, "aspect": 1.7777777777777777}, {"camera_to_world": [-0.4479209762773707, -0.04031599923990442, 0.8931637135576074, 0.7823016607548414, 0.8917775645369943, -0.09168691218761338, 0.4430872211223974, 0.23452383497472762, 0.0640279189041369, 0.9949714218703919, 0.07702139483297021, -0.0698261226256234, 0.0, 0.0, 0.0, 1.0], "fov": 75.0, "aspect": 1.7777777777777777}, {"camera_to_world": [-0.46387040557323944, -0.0395560857596674, 0.8850195268538952, 0.7784104259864585, 0.8836224847382776, -0.0922948540369809, 0.45901303291218754, 0.25032316347665245, 0.06352598915617852, 0.9949457151009127, 0.07776549815993483, -0.0690087581805331, 0.0, 0.0, 0.0, 1.0], "fov": 75.0, "aspect": 1.7777777777777777}, {"camera_to_world": [-0.47968508989165093, -0.03885839407161512, 0.8765798536048007, 0.7743646848554496, 0.8751787321628703, -0.09287631190913448, 0.4748011978248878, 0.26611928894674863, 0.06296349184590855, 0.9949191001766586, 0.07855942208441946, -0.0681512042553383, 0.0, 0.0, 0.0, 1.0], "fov": 75.0, "aspect": 1.7777777777777777}, {"camera_to_world": [-0.4953552442474797, -0.03821921690101593, 0.8678493379936365, 0.7701642509348537, 0.8664505467268734, -0.09343461736410086, 0.4904420682962733, 0.2818998082457341, 0.06234285903952547, 0.9948915839112809, 0.07939838908492214, -0.06725569970007254, 0.0, 0.0, 0.0, 1.0], "fov": 75.0, "aspect": 1.7777777777777777}, {"camera_to_world": [-0.5108712748266111, -0.03763475932554117, 0.8588330253591447, 0.76580893779771, 0.8574425704162351, -0.09397296672466471, 0.5059262001151595, 0.29765231823432753, 0.06166667653629859, 0.9948631596433116, 0.0802777340829568, -0.06632448336476934, 0.0, 0.0, 0.0, 1.0], "fov": 75.0, "aspect": 1.7777777777777777}, {"camera_to_world": [-0.5262237965884982, -0.037101141733624, 0.8495363566004981, 0.7612985590170575, 0.8481598403573299, -0.0944944176833924, 0.5212443670982981, 0.3133644157732475, 0.06093768217626777, 0.9948338103968614, 0.0811929096796391, -0.06535979409946222, 0.0, 0.0, 0.0, 1.0], "fov": 75.0, "aspect": 1.7777777777777777}, {"camera_to_world": [-0.5414036504526332, -0.03661440298486668, 0.8399651616410195, 0.756632928165935, 0.838607781035148, -0.09500188615878125, 0.5363875755585497, 0.3290236977232122, 0.06015876381598623, 0.9948035118154415, 0.08213949120731578, -0.06436387075418472, 0.0, 0.0, 0.0, 1.0], "fov": 75.0, "aspect": 1.7777777777777777}, {"camera_to_world": [-0.5564019200118601, -0.03617050375982378, 0.8301256519737701, 0.7518118588173816, 0.8287921956815985, -0.0954981434089387, 0.5513470785110964, 0.3446177609449403, 0.059332956983376206, 0.9947722348674629, 0.083113181580315, -0.06333895217897034, 0.0, 0.0, 0.0, 1.0], "fov": 75.0, "aspect": 1.7777777777777777}, {"camera_to_world": [-0.5712099477167322, -0.03576533008569627, 0.8200244123154565, 0.7468351645444364, 0.8187192568596334, -0.09598581341082235, 0.5661143895636929, 0.36013420229915016, 0.058463442223822604, 0.9947399483220347, 0.08410981592904432, -0.06228727722385267, 0.0, 0.0, 0.0, 1.0], "fov": 75.0, "aspect": 1.7777777777777777}, {"camera_to_world": [-0.585819350476716, -0.0353946970237603, 0.8096683913983769, 0.7417026589201383, 0.8083954962720642, -0.09646737051265342, 0.5806812964384316, 0.3755606186465605, 0.05755354215060865, 0.994706620993834, 0.08512536600184128, -0.06121108473886518, 0.0, 0.0, 0.0, 1.0], "fov": 75.0, "aspect": 1.7777777777777777}, {"camera_to_world": [-0.6002220346257721, -0.03505435250369299, 0.7990648919332185, 0.7364141555175268, 0.7978277938269442, -0.09694513736660149, 0.5950398740741686, 0.3908846068478893, 0.05660671821374519, 0.9946722237559055, 0.0861559443193094, -0.06011261357404144, 0.0, 0.0, 0.0, 1.0], "fov": 75.0, "aspect": 1.7777777777777777}, {"camera_to_world": [-0.6144102102018373, -0.034739981289392985, 0.7882215597785609, 0.7309694679096403, 0.7870233659943271, -0.09742128314832477, 0.609182497260627, 0.40609376376385525, 0.05562656720214132, 0.9946367313194033, 0.08719780806625244, -0.05899410257941497, 0.0, 0.0, 0.0, 1.0], "fov": 75.0, "aspect": 1.7777777777777777}, {"camera_to_world": [-0.6283764044919173, -0.03444720906037124, 0.7771463723557881, 0.7253684096695181, 0.7759897534919772, -0.09789782206935305, 0.6231018527572663, 0.4211756862551769, 0.054616817494895886, 0.9946001237794153, 0.08824736270677358, -0.0578577906050193, 0.0, 0.0, 0.0, 1.0], "fov": 75.0, "aspect": 1.7777777777777777}, {"camera_to_world": [-0.6421134747968574, -0.03417160659237445, 0.7658476263508308, 0.7196107943701994, 0.7647348083402281, -0.09837661218765414, 0.6367909508522517, 0.43611797118257234, 0.05358132507824387, 0.9945623879261553, 0.0893011653086545, -0.056705916500887965, 0.0, 0.0, 0.0, 1.0], "fov": 75.0, "aspect": 1.7777777777777777}, {"camera_to_world": [-0.655614620372398, -0.03390869402054947, 0.7543339247467109, 0.7136964355847228, 0.7532666803286567, -0.09885935452108852, 0.6502431363192682, 0.4509082154067604, 0.05252406934540682, 0.9945235183209566, 0.09035592756374355, -0.05554071911705448, 0.0, 0.0, 0.0, 1.0], "fov": 75.0, "aspect": 1.7777777777777777}, {"camera_to_world": [-0.668873393505852, -0.033653945168188704, 0.7426141632332243, 0.7076251468861281, 0.7415938029395188, -0.09934759246774583, 0.6634520987325042, 0.4655340157884593, 0.05144914869720718, 0.9944835181366652, 0.09140851849173304, -0.05436443730355239, 0.0, 0.0, 0.0, 1.0], "fov": 75.0, "aspect": 1.7777777777777777}, {"camera_to_world": [-0.6818837096905607, -0.03340279192391871, 0.7306975160422586, 0.7013967418474534, 0.7297248787749806, -0.09984271153643076, 0.6764118821028302, 0.47998296918838773, 0.05036077596184657, 0.9944423997621685, 0.0924559668154532, -0.05317930991041523, 0.0, 0.0, 0.0, 1.0], "fov": 75.0, "aspect": 1.7777777777777777}, {"camera_to_world": [-0.6946398568632894, -0.03315062865009971, 0.7185934212592344, 0.6950110340417381, 0.7176688645370968, -0.10034593938985259, 0.6891168938010459, 0.49424267246726383, 0.04926327365271732, 0.9944001851709758, 0.09349546299658773, -0.05198757578767651, 0.0, 0.0, 0.0, 1.0], "fov": 75.0, "aspect": 1.7777777777777777}, {"camera_to_world": [-0.7071365036728284, -0.0328928166051784, 0.706311565662878, 0.6884678370420215, 0.7054349556111494, -0.10085834620229972, 0.7015619127370247, 0.5083007224858062, 0.048161069083477726, 0.9943569060539155, 0.09452436092151761, -0.0507914737853698, 0.0, 0.0, 0.0, 1.0], "fov": 75.0, "aspect": 1.7777777777777777}, {"camera_to_world": [-0.7193687067512324, -0.03262468836283278, 0.6938618691470851, 0.6817669644213423, 0.6930325703044453, -0.10138084533284075, 0.7137420967666206, 0.5221447161047335, 0.047058689359910755, 0.9943126037161685, 0.09554017922790836, -0.049593242753528576, 0.0, 0.0, 0.0, 1.0], "fov": 75.0, "aspect": 1.7777777777777777}, {"camera_to_world": [-0.7313319169624504, -0.03234155221089591, 0.6812544687799245, 0.6749082297527397, 0.6804713337939201, -0.10191419431433146, 0.725652989301349, 0.5357622501847636, 0.04596075626826174, 0.994267328739032, 0.09654060226349792, -0.048395121542186406, 0.0, 0.0, 0.0, 1.0], "fov": 75.0, "aspect": 1.7777777777777777}, {"camera_to_world": [-0.743021984606395, -0.03203869651329927, 0.6684997025558816, 0.6678914466092529, 0.6677610618368988, -0.10245899615775911, 0.7372905250990287, 0.5491409215866154, 0.044871981079857515, 0.9942211404069383, 0.09752348066950844, -0.047199349001376824, 0.0, 0.0, 0.0, 1.0], "fov": 75.0, "aspect": 1.7777777777777777}, {"camera_to_world": [-0.7544351635599179, -0.031711394018620165, 0.6556080928982768, 0.6607164285639204, 0.6549117443001686, -0.10301570097072665, 0.7486510352168227, 0.5622683271710074, 0.043797159291788734, 0.994174105900423, 0.09848683158201432, -0.04600816398113333, 0.0, 0.0, 0.0, 1.0], "fov": 75.0, "aspect": 1.7777777777777777}, {"camera_to_world": [-0.7655681143395475, -0.031354906099230584, 0.6425903299693343, 0.6533829891897815, 0.6419335285630383, -0.10358460788813373, 0.7597312511113838, 0.5751320637986577, 0.04274116532333161, 0.9941262992558693, 0.09942883844556183, -0.04482380533148948, 0.0, 0.0, 0.0, 1.0], "fov": 75.0, "aspect": 1.7777777777777777}, {"camera_to_world": [-0.7764179060742669, -0.03096448690556558, 0.6294572548457331, 0.6458909420598753, 0.6288367028503936, -0.10416586731245137, 0.7705283078740784, 0.5877197283302855, 0.04170894718758594, 0.9940778000929907, 0.10034785043429328, -0.04364851190247876, 0.0, 0.0, 0.0, 1.0], "fov": 75.0, "aspect": 1.7777777777777777}, {"camera_to_world": [-0.7869820173800194, -0.030535387420611793, 0.616219842